year	x	y	urban	alarm	firetype	heatsource	objignited	day	time	dayweek	label
2004	8.196	12.114	1	1	1	7	1	1	5.883333333	4	1
2004	7.174	10.763	1	1	3	7	7	1	3.083333333	4	1
2004	12.462	22.005	0	1	3	5	7	2	12.6	5	0
2004	8.313	10.542	1	1	1	4	6	2	16.53333333	5	0
2004	8.548	12.704	1	1	5	NA	NA	4	6.7	7	0
2004	6.333	9.507	0	1	3	7	7	5	19.96666667	1	1
2004	5.634	5.993	0	1	5	NA	NA	9	11.33333333	5	0
2004	7.874	12.061	1	1	1	4	6	10	6.183333333	6	0
2004	7.666	9.637	1	1	5	NA	NA	11	3.516666667	7	1
2004	8.183	12.129	1	1	3	7	7	11	12.5	7	1
2004	5.968	9.514	1	1	5	NA	NA	12	11.4	1	0
2004	7.624	12.28	1	4	6	NA	NA	17	23.13333333	6	0
2004	7.212	10.405	1	1	5	NA	NA	19	19.08333333	1	0
2004	9.107	11.166	1	1	1	NA	9	21	8.983333333	3	0
2004	8.225	11.179	1	1	3	7	7	27	0.616666667	2	1
2004	7.212	10.405	1	1	5	NA	NA	29	6.183333333	4	0
2004	7.555	12.433	1	1	5	NA	NA	31	19.81666667	6	0
2004	8.007	11.979	1	1	5	NA	NA	39	2.25	7	1
2004	8.844	17.604	0	1	1	5	7	42	14.98333333	3	0
2004	7.715	12.085	1	1	5	NA	NA	45	23.75	6	1
2004	9.038	12.598	1	1	6	NA	NA	45	4.25	6	1
2004	7.483	11.043	1	1	1	7	1	46	7.916666667	7	1
2004	7.403	12.184	1	1	3	7	7	52	17.71666667	6	1
2004	7.403	12.184	1	1	1	9	8	52	17.71666667	6	0
2004	5.52	11.293	0	1	3	4	7	55	17.08333333	2	0
2004	14.948	23.84	0	1	3	1	7	55	8.483333333	2	0
2004	7.694	10.613	1	1	5	NA	NA	56	20.5	3	0
2004	7.515	11.768	1	5	1	5	7	58	11.4	5	0
2004	7.758	11.578	1	4	5	NA	NA	59	1.516666667	6	1
2004	12.91	9.4	0	4	1	2	7	59	5.833333333	6	0
2004	5.967	9.511	1	4	5	NA	NA	66	17.1	6	1
2004	8.382	11.386	1	1	5	NA	NA	66	2.816666667	6	0
2004	7.881	11.471	1	1	1	NA	NA	75	11.9	1	0
2004	11.647	14.949	0	1	2	7	9	81	16.46666667	7	1
2004	13.19	8.688	0	1	1	9	7	83	8.5	2	0
2004	13.19	8.688	0	1	5	NA	NA	83	8.5	2	0
2004	1.41	8.883	0	1	3	1	7	83	9.466666667	2	0
2004	8.473	10.857	1	1	2	7	9	85	20.88333333	4	1
2004	8.473	10.857	1	1	3	9	7	85	20.88333333	4	0
2004	7.605	10.856	1	1	1	7	9	87	2.566666667	6	1
2004	6.51	12.15	1	4	3	NA	NA	88	16.98333333	7	0
2004	8.073	10.494	1	1	3	7	7	94	3.116666667	6	1
2004	8.153	10.586	1	1	6	NA	NA	94	3.066666667	6	1
2004	7.623	12.725	1	1	1	5	7	96	15.28333333	1	0
2004	5.951	11.797	1	1	1	NA	9	98	7.7	3	0
2004	7.395	12.166	1	1	1	7	1	100	12.98333333	5	0
2004	8.021	10.878	1	1	6	NA	NA	102	2.466666667	7	1
2004	1.786	9.697	0	1	3	1	7	107	13.98333333	5	0
2004	6.409	11.751	1	1	5	NA	NA	108	17.5	6	0
2004	13.541	8.366	0	1	2	5	6	111	11.11666667	2	0
2004	7.953	9.338	1	1	5	NA	NA	112	8.666666667	3	0
2004	9.843	10.975	0	1	1	9	7	117	20.35	1	0
2004	9.843	10.975	0	1	5	NA	NA	117	20.35	1	0
2004	9.843	10.975	0	1	3	9	7	117	20.35	1	0
2004	7.174	10.763	1	1	6	NA	NA	118	22.66666667	2	1
2004	8.962	11.45	1	1	1	7	2	124	3.3	1	0
2004	14.235	14.415	0	1	5	NA	NA	129	16.83333333	6	0
2004	6.654	9.346	1	1	6	NA	NA	130	20.36666667	7	1
2004	6.812	10.875	1	1	1	3	7	139	16.05	2	0
2004	8.357	13.305	0	1	1	NA	9	141	23.16666667	4	1
2004	8.357	13.305	0	1	1	9	1	141	23.16666667	4	0
2004	6.622	9.248	1	1	5	NA	NA	142	14.25	5	0
2004	5.867	11.905	1	1	3	5	7	148	23.03333333	4	0
2004	6.653	9.503	1	1	5	NA	NA	150	21.91666667	6	0
2004	7.36	10.784	1	1	1	2	6	151	16.75	7	0
2004	8.916	11.309	1	1	1	5	7	154	14.23333333	3	0
2004	6.925	10.307	1	1	2	4	6	157	16.73333333	6	0
2004	7.496	12.074	1	1	3	7	7	158	15.38333333	7	1
2004	5.642	12.513	1	1	3	5	7	158	18.05	7	0
2004	6.857	10.465	1	1	1	9	5	162	19.75	4	0
2004	7.56	11.376	1	1	1	NA	NA	163	21.61666667	5	0
2004	7.58	12.776	1	1	1	7	3	164	4.25	6	1
2004	7.199	12.391	1	1	6	NA	NA	164	22.03333333	6	1
2004	7.273	10.473	1	1	5	NA	NA	166	23.23333333	1	0
2004	7.248	11.608	1	1	6	NA	NA	171	22.56666667	6	1
2004	7.692	9.563	1	1	1	NA	2	181	15.68333333	2	1
2004	6.569	8.878	1	1	1	5	7	181	16.68333333	2	0
2004	8.607	8.813	1	1	1	4	6	185	23.18333333	6	0
2004	8.607	8.813	1	1	3	9	7	185	23.18333333	6	0
2004	7.7	10.88	1	1	5	NA	NA	185	12.85	6	1
2004	8.062	12.014	1	1	5	NA	NA	185	1.65	6	1
2004	7.7	10.88	1	4	5	NA	NA	185	2.483333333	6	1
2004	8.138	11.75	1	4	5	NA	NA	186	5.916666667	7	1
2004	8.902	15.056	0	1	1	7	7	187	17.71666667	1	0
2004	7.772	8.784	1	1	1	5	6	193	3.316666667	7	0
2004	7.946	12.059	1	1	2	5	1	196	20.41666667	3	0
2004	8.311	10.586	1	1	1	NA	NA	198	7.916666667	5	0
2004	6.555	9.435	1	1	1	6	1	199	1.766666667	6	1
2004	6.823	11.061	1	1	1	7	8	200	19.36666667	7	0
2004	14.842	7.245	0	4	5	NA	NA	202	0.6	2	0
2004	8.181	12.624	1	1	1	5	3	204	17.45	4	0
2004	7.871	10.649	1	1	5	NA	NA	206	12.46666667	6	0
2004	8.726	11.86	1	1	2	4	6	207	18.13333333	7	0
2004	8.641	12.177	1	1	1	5	1	207	12.3	7	0
2004	7.515	11.768	1	4	1	5	6	213	22.13333333	6	0
2004	8.521	20.67	0	1	1	NA	NA	219	17.51666667	5	0
2004	8.521	20.67	0	1	1	NA	9	219	3.283333333	5	0
2004	7.976	12.524	1	1	1	5	7	223	1.583333333	2	0
2004	9.21	12.353	1	1	1	NA	NA	224	20.65	3	0
2004	8.473	9.87	1	1	2	NA	8	227	11.11666667	6	0
2004	11.688	12.098	0	1	3	7	7	241	18.88333333	6	1
2004	8.201	11.309	1	4	1	7	6	241	1.216666667	6	1
2004	7.687	11.291	1	1	5	NA	NA	241	2.983333333	6	1
2004	6.526	8.426	1	1	1	5	6	242	7.85	7	0
2004	5.329	13.085	0	1	5	NA	NA	243	8.85	1	0
2004	4.74	18.911	0	1	2	7	9	245	15.3	3	0
2004	8.704	11.837	1	1	1	NA	NA	246	18.61666667	4	0
2004	6.993	11.138	1	1	1	NA	NA	247	22.03333333	5	0
2004	8.497	11.407	1	1	1	NA	NA	250	17.23333333	1	0
2004	7.758	11.578	1	1	5	NA	NA	255	1.116666667	6	1
2004	6.72	12.686	1	1	1	5	3	260	20.08333333	4	0
2004	6.331	11.816	1	1	1	NA	NA	267	19.3	4	0
2004	7.7	10.88	1	4	5	NA	NA	272	19.33333333	2	1
2004	6.589	10.851	1	1	1	5	7	275	10.13333333	5	0
2004	7.661	12.222	1	1	1	NA	NA	277	22.45	7	0
2004	8.347	12.146	1	1	5	NA	NA	278	19.58333333	1	0
2004	7.764	11.67	1	1	5	NA	NA	281	22.21666667	4	1
2004	8.359	13.043	0	1	5	NA	NA	283	16.23333333	6	0
2004	0.821	8.777	0	1	3	1	7	288	19.96666667	4	0
2004	7.601	12.455	1	1	2	4	6	291	13.46666667	7	0
2004	7.53	13.169	1	1	1	3	1	292	19.95	1	0
2004	6.813	12.017	1	1	3	6	7	298	3.85	7	0
2004	11.953	19.564	0	1	6	NA	NA	300	20.61666667	2	0
2004	8.316	10.971	1	1	3	6	7	309	21.55	4	0
2004	8.316	10.971	1	4	6	NA	NA	310	12.48333333	5	0
2004	6.095	17.25	0	1	5	NA	NA	317	22.21666667	5	0
2004	15.178	2.756	0	1	2	4	6	318	21.33333333	6	0
2004	7.452	9.373	1	1	3	9	7	327	19.4	1	0
2004	6.944	10.353	1	1	1	9	7	337	14.48333333	4	0
2004	6.944	10.353	1	1	6	NA	NA	337	14.48333333	4	0
2004	5.963	9.621	1	3	6	NA	NA	339	17.58333333	6	0
2004	16.749	3.783	0	1	6	NA	NA	339	14.55	6	0
2004	5.962	9.611	1	1	5	NA	NA	339	18.46666667	6	0
2004	11.893	9.66	0	1	3	9	7	346	13.96666667	6	0
2004	11.893	9.66	0	1	6	NA	NA	346	13.96666667	6	0
2004	6.125	19.357	0	1	2	7	9	347	19.73333333	7	0
2004	6.125	19.357	0	1	3	9	7	347	19.73333333	7	0
2004	6.26	12.379	1	1	1	9	1	349	15.2	2	0
2004	6.26	12.379	1	1	1	7	9	349	15.2	2	0
2004	8.793	12.19	1	1	6	NA	NA	359	23.65	5	0
2004	6.212	13.013	1	1	5	NA	NA	362	16.55	1	0
2004	11.185	8.996	0	1	5	NA	NA	366	13.2	5	0
2005	5.687	15.382	0	1	1	5	7	1	11.28333333	6	0
2005	7.599	12.486	1	1	5	NA	NA	5	13.68333333	3	0
2005	6.937	10.17	1	1	1	4	6	6	23.25	4	0
2005	8.224	10.232	1	1	1	5	7	11	21.9	2	0
2005	7.544	10.627	1	1	1	NA	9	14	2.2	5	0
2005	9.013	12.307	1	1	1	5	7	14	15.2	5	0
2005	12.666	10.956	0	1	1	5	8	16	15.1	7	0
2005	8.505	10.656	1	1	1	3	8	16	12.43333333	7	0
2005	8.576	11.2	1	2	3	9	7	17	12.18333333	1	0
2005	7.983	11.774	1	1	5	NA	NA	18	22.55	2	1
2005	6.325	9.787	1	1	6	NA	NA	18	10.2	2	0
2005	5.955	9.763	1	1	6	NA	NA	22	13.55	6	0
2005	7.489	9.187	1	1	6	NA	NA	23	2.766666667	7	1
2005	15.826	12.771	0	1	2	7	9	23	20.96666667	7	1
2005	6.819	9.809	1	1	6	NA	NA	23	16.86666667	7	0
2005	6.742	10.629	1	1	5	NA	NA	24	13.7	1	0
2005	8.621	23.041	0	1	2	NA	6	24	16	1	0
2005	8.004	21.372	0	1	1	3	7	25	20.43333333	2	0
2005	7.807	12.058	1	1	2	7	6	26	2.033333333	3	1
2005	7.881	11.235	1	1	2	4	6	26	15.61666667	3	0
2005	5.138	11.279	0	1	1	7	3	30	19.38333333	7	0
2005	8.228	11.477	1	1	2	2	6	30	10.98333333	7	0
2005	15.668	1.03	0	1	3	7	7	35	12.13333333	5	0
2005	6.538	12.025	1	1	6	NA	NA	36	1.4	6	0
2005	6.721	12.653	1	3	5	NA	NA	37	21.86666667	7	0
2005	6.638	9.454	1	4	5	NA	NA	37	21.9	7	0
2005	6.746	10.596	1	4	5	NA	NA	39	22.86666667	2	0
2005	5.396	9.392	0	1	3	9	7	39	18.88333333	2	0
2005	6.7	13.156	1	1	2	4	6	41	15.7	4	0
2005	8.8	11.251	1	1	5	NA	NA	42	22.9	5	0
2005	8.636	12.215	1	1	5	NA	NA	43	12.58333333	6	0
2005	16.778	2.259	0	1	3	2	7	49	12.38333333	5	0
2005	8.429	11.21	1	1	3	NA	7	51	2.5	7	0
2005	4.487	13.114	0	1	6	NA	NA	53	18.63333333	2	0
2005	0.854	11.447	0	1	1	NA	6	54	13.7	3	0
2005	8.082	11.12	1	1	3	7	7	56	22.58333333	5	1
2005	7.927	11.001	1	1	3	7	7	56	22.83333333	5	1
2005	6.146	8.668	0	1	3	2	8	57	15.91666667	6	0
2005	3.687	9.647	0	1	2	4	5	59	15.51666667	1	0
2005	6.567	8.481	1	1	1	NA	3	60	19.73333333	2	1
2005	8.356	15.808	0	2	3	NA	7	62	13.11666667	4	0
2005	9.977	11.782	0	1	2	7	9	64	22.03333333	6	1
2005	7.222	12.896	1	1	3	7	7	67	19.15	2	1
2005	7.245	11.172	1	1	3	7	7	68	15.66666667	3	1
2005	7.446	12.168	1	1	3	7	7	69	8.466666667	4	1
2005	8.653	12.1	1	1	5	NA	NA	71	12.71666667	6	0
2005	6.418	11.64	1	1	5	NA	NA	74	7.9	2	0
2005	8.108	9.257	1	1	5	NA	NA	77	16.45	5	0
2005	5.79	15.506	0	4	6	NA	NA	78	21.3	6	0
2005	5.367	17.17	0	1	3	7	7	78	19.66666667	6	0
2005	5.408	16.577	0	1	3	7	7	78	19.95	6	0
2005	7.896	10.504	1	1	5	NA	NA	87	0.45	1	1
2005	9.069	11.203	1	1	1	5	7	87	10.73333333	1	0
2005	6.752	10.358	1	1	1	NA	NA	90	17.55	4	0
2005	8.673	12.131	1	1	1	5	7	90	16.01666667	4	0
2005	11.82	12.415	0	1	5	NA	NA	94	10.61666667	1	0
2005	12.932	12.787	0	2	5	NA	NA	99	10.48333333	6	0
2005	6.327	9.801	1	1	3	7	9	100	16.2	7	1
2005	14.835	7.83	0	1	6	NA	NA	101	8.616666667	1	0
2005	5.582	17.208	0	1	3	1	7	106	16.63333333	6	0
2005	6.269	12.289	1	1	3	7	7	110	20.55	3	1
2005	7.829	8.755	1	1	1	4	6	111	15.33333333	4	0
2005	1.24	13.109	0	1	3	1	7	113	14.46666667	6	0
2005	7.828	12.664	1	1	5	NA	NA	116	23.73333333	2	0
2005	6.756	10.732	1	1	1	5	7	116	13.21666667	2	0
2005	6.445	12.304	1	1	5	NA	NA	117	12.5	3	0
2005	6.877	10.227	1	1	1	3	1	120	21.26666667	6	0
2005	3.218	9.665	0	1	3	1	7	127	19.45	6	0
2005	7.926	10.305	1	1	6	NA	NA	134	0.016666667	6	0
2005	6.363	10.281	1	1	1	5	8	137	17.2	2	0
2005	5.991	12.452	1	1	1	5	7	139	18.75	4	0
2005	8.279	10.188	1	4	1	8	7	141	9.75	6	0
2005	9.476	14.04	0	1	3	7	7	144	15.16666667	2	1
2005	7.683	9.688	1	5	1	4	8	148	6.866666667	6	0
2005	8.611	19.353	0	1	2	7	9	157	16.1	1	1
2005	5.893	17.113	0	1	3	7	7	161	17.41666667	5	0
2005	5.056	18.027	0	1	3	7	7	161	17.73333333	5	0
2005	6.475	11.908	1	1	5	NA	NA	161	23.68333333	5	0
2005	6.835	8.09	1	1	1	4	6	162	6.9	6	0
2005	8.277	11.141	1	1	3	7	7	163	17.5	7	1
2005	0.854	11.447	0	1	1	2	6	164	22.68333333	1	0
2005	5.58	16.424	0	1	1	5	6	173	6.15	3	0
2005	6.87	12.65	1	5	1	4	6	176	10.4	6	0
2005	8.192	12.075	1	1	1	NA	9	177	4.516666667	7	1
2005	7.925	11.638	1	5	1	2	6	177	17.03333333	7	0
2005	6.485	9.792	1	4	2	7	9	180	20.91666667	3	1
2005	8.945	12.002	1	1	6	NA	NA	180	0.4	3	0
2005	3.802	15.113	0	1	1	NA	NA	187	18.48333333	3	0
2005	7.277	17.743	0	4	2	7	9	189	9.05	5	0
2005	8.826	12.268	1	1	5	NA	NA	190	22	6	0
2005	7.773	12.673	1	1	1	NA	NA	193	17.68333333	2	0
2005	7.724	12.733	1	1	1	5	7	195	23.28333333	4	0
2005	8.483	11.192	1	1	2	7	9	197	21.11666667	6	1
2005	7.886	10.267	1	1	1	NA	NA	200	17.98333333	2	0
2005	7.83	10.603	1	1	1	5	7	201	18.3	3	0
2005	8.414	11.189	1	1	2	7	9	203	22.16666667	5	0
2005	8.123	11.99	1	1	6	NA	NA	204	2.616666667	6	1
2005	8.667	11.378	1	1	3	7	7	205	0.65	7	1
2005	9.248	9.997	0	1	2	5	6	209	13.86666667	4	0
2005	4.858	16.824	0	1	3	7	7	214	6.233333333	2	1
2005	8.525	12.09	1	1	1	5	7	214	11.75	2	0
2005	7.615	8.818	1	1	5	NA	NA	216	12.18333333	4	1
2005	9.077	12.586	1	1	1	5	5	217	0.4	5	0
2005	7.368	11.903	1	1	1	7	4	218	19.05	6	0
2005	6.127	11.979	1	1	5	NA	NA	218	4.416666667	6	1
2005	12.948	14.657	0	1	3	7	7	222	12.55	3	0
2005	7.98	12.05	1	1	5	NA	NA	226	10.93333333	7	0
2005	7.136	8.487	1	1	6	NA	NA	227	17.7	1	0
2005	15.018	2.979	0	1	3	5	7	228	15.51666667	2	0
2005	7.076	10.244	1	1	1	7	3	230	5.55	4	0
2005	6.397	19.338	0	4	2	7	9	231	21.7	5	0
2005	3.865	14.591	0	1	3	1	7	232	11.68333333	6	0
2005	6.691	9.305	1	1	1	7	3	233	9.716666667	7	0
2005	13.9	21.531	0	1	5	NA	NA	241	22.06666667	1	0
2005	6.984	10.607	1	1	3	7	7	251	19.23333333	4	1
2005	8.765	11.828	1	1	1	7	4	254	0.85	7	1
2005	8.505	10.656	1	1	1	5	7	257	16.16666667	3	0
2005	14.327	21.961	0	1	6	NA	NA	260	18.73333333	6	0
2005	7.425	11.519	1	1	1	5	5	262	11.3	1	0
2005	5.646	5.861	0	1	2	2	7	264	16.01666667	3	0
2005	6.897	10.976	1	1	6	NA	NA	266	0.166666667	5	0
2005	6.079	9.506	0	1	3	7	7	267	23.73333333	6	0
2005	5.967	9.504	0	6	3	1	7	268	0.35	7	0
2005	6.903	10.235	1	1	2	7	2	268	1.766666667	7	1
2005	14.225	20.98	0	1	6	NA	NA	271	16.81666667	3	0
2005	8.039	11.442	1	1	3	7	7	274	19.28333333	6	0
2005	8.073	12.099	1	1	1	NA	9	275	16.66666667	7	1
2005	6.655	15.004	0	1	5	NA	NA	275	18.66666667	7	0
2005	7.7	10.88	1	1	3	7	7	284	21.73333333	2	1
2005	6.229	13.073	1	1	2	2	7	286	18.61666667	4	0
2005	9.998	10.008	0	1	2	4	6	287	7.883333333	5	0
2005	0.17	11.693	0	1	3	1	7	289	19.9	7	0
2005	7.896	12.023	1	1	5	NA	NA	295	2.116666667	6	0
2005	6.495	12.601	1	1	1	5	7	295	17.46666667	6	0
2005	8.215	10.433	1	4	2	7	2	296	0.116666667	7	1
2005	8.634	11.16	1	1	5	NA	NA	296	16.3	7	0
2005	7.538	10.505	1	1	1	5	1	298	11.43333333	2	0
2005	5.394	12.157	1	1	1	7	7	301	17.25	5	0
2005	7.711	11.103	1	1	1	6	1	302	19.58333333	6	1
2005	7.551	12.56	1	1	1	5	7	306	10.48333333	3	0
2005	7.721	11.802	1	1	6	NA	NA	308	11.83333333	5	0
2005	15.255	24.202	0	1	6	NA	NA	308	20.65	5	0
2005	8.077	9.256	1	1	1	7	4	308	18.68333333	5	1
2005	8.772	12.015	1	1	3	8	7	309	16.4	6	0
2005	8.169	10.929	1	1	5	NA	NA	310	1.683333333	7	1
2005	8.498	11.154	1	1	6	NA	NA	310	21.95	7	1
2005	7.685	8.856	1	1	3	7	7	311	22.91666667	1	1
2005	8.261	12.081	1	1	1	7	1	314	16.58333333	4	0
2005	6.721	12.653	1	1	5	NA	NA	314	16.93333333	4	0
2005	7.466	11.61	1	1	1	5	4	315	9.483333333	5	0
2005	6.725	8.278	1	1	3	7	7	315	10.46666667	5	0
2005	11.898	9.497	0	1	6	NA	NA	324	12.8	7	0
2005	11.898	9.497	0	1	3	7	8	324	12.8	7	0
2005	7.656	9.85	1	1	5	NA	NA	330	23.98333333	6	0
2005	14.681	21.93	0	1	3	1	7	330	15.13333333	6	0
2005	8.614	11.589	1	1	3	7	7	333	14.15	2	1
2005	11.94	19.917	0	1	3	NA	7	338	8.616666667	7	0
2005	7.774	10.799	1	4	1	7	3	341	7.35	3	0
2005	4.666	19.106	0	1	3	9	7	341	14.11666667	3	0
2005	4.666	19.106	0	1	2	7	9	341	14.11666667	3	1
2005	12.933	12.787	0	2	3	8	7	343	10.53333333	5	0
2005	6.807	9.084	1	1	1	4	6	345	1.366666667	7	0
2005	7.73	13.059	1	1	2	NA	6	349	15.36666667	4	0
2005	1.292	11.945	0	1	3	1	7	356	16.31666667	4	0
2005	7.979	12.05	1	1	5	NA	NA	357	23.16666667	5	0
2005	7.979	12.05	1	1	5	NA	NA	358	0.35	6	0
2005	8.235	11.155	1	1	2	7	9	358	3.7	6	1
2005	15.814	0.856	0	1	3	9	7	358	14.81666667	6	0
2005	7.037	10.703	1	4	6	NA	NA	359	22.41666667	7	0
2005	5.961	9.623	1	4	6	NA	NA	361	7.833333333	2	0
2005	6.739	10.049	1	1	6	NA	NA	363	14.63333333	4	0
2005	6.997	11.451	1	1	6	NA	NA	363	21.33333333	4	0
2005	6.564	12.116	1	1	3	NA	7	364	17.4	5	1
2005	6.594	9.888	1	4	6	NA	NA	364	7.933333333	5	1
2005	7.992	11.777	1	1	3	9	7	364	15.56666667	5	0
2005	12.902	9.671	0	1	2	7	9	365	23.46666667	6	1
2006	10.248	16.617	0	1	1	7	7	4	10.8	3	0
2006	7.732	11.786	1	1	2	NA	9	4	12.6	3	0
2006	11.998	19.074	0	1	3	NA	7	8	21.26666667	7	0
2006	7.199	12.391	1	4	6	NA	NA	10	17.01666667	2	1
2006	7.86	12.699	1	1	5	NA	NA	18	7.466666667	3	0
2006	6.908	11.637	1	1	6	NA	NA	20	18.48333333	5	0
2006	5.557	11.739	1	4	6	NA	NA	21	21.8	6	0
2006	7.199	12.391	1	1	6	NA	NA	31	12.26666667	2	0
2006	11.09	23.253	0	1	3	7	7	36	19.9	7	0
2006	5.397	9.311	0	1	5	NA	NA	48	23.03333333	5	0
2006	7.751	10.905	1	1	5	NA	NA	51	1.783333333	1	1
2006	6.845	12.221	1	1	3	7	7	56	17.56666667	6	1
2006	8.303	11.819	1	1	3	7	7	62	18	5	1
2006	8.607	10.653	1	1	4	4	6	69	11.16666667	5	0
2006	8.021	12.336	1	1	5	NA	NA	77	1.233333333	6	1
2006	8.636	11.114	1	1	3	7	7	78	16.38333333	7	1
2006	15.589	2.052	0	4	6	NA	NA	79	20.23333333	1	0
2006	7.318	11.685	1	1	5	NA	NA	83	20.76666667	5	0
2006	7.919	10.429	1	1	2	7	9	85	4.816666667	7	1
2006	6.67	13.065	1	1	6	NA	NA	85	9.866666667	7	0
2006	8.087	10.996	1	1	1	7	4	87	17.96666667	2	0
2006	8.042	9.851	1	1	6	NA	NA	91	11.63333333	6	0
2006	7.837	11.573	1	1	3	7	7	91	12.05	6	1
2006	8.063	12	1	1	5	NA	NA	94	18.58333333	2	1
2006	7.729	8.963	1	1	5	NA	NA	95	22.36666667	3	0
2006	1.863	7.197	0	4	6	NA	NA	105	20.31666667	6	0
2006	7.644	9.706	1	1	5	NA	NA	105	17.63333333	6	0
2006	8.217	11.258	1	1	3	7	7	105	18.08333333	6	1
2006	7.751	10.905	1	1	5	NA	NA	106	16.16666667	7	1
2006	7.667	9.635	1	1	5	NA	NA	107	1.883333333	1	1
2006	7.898	10.828	1	1	5	NA	NA	107	21.55	1	0
2006	8.043	10.312	1	1	5	NA	NA	109	20.76666667	3	0
2006	7.874	10.553	1	1	1	5	3	112	1.4	6	0
2006	8.218	10.742	1	1	1	5	7	113	19.7	7	0
2006	7.734	9.624	1	1	1	5	6	121	13.7	1	0
2006	7.051	11.876	1	4	6	NA	NA	122	18.65	2	1
2006	8.554	10.065	0	1	5	NA	NA	128	8.4	1	0
2006	8.421	11.6	1	1	5	NA	NA	129	19.96666667	2	0
2006	7.509	11.478	1	1	1	3	7	132	19.43333333	5	0
2006	16.797	4.768	0	1	3	1	7	140	14.21666667	6	0
2006	7.094	11.056	1	1	5	NA	NA	154	19.5	6	0
2006	6.897	12.114	1	1	1	9	1	154	19.31666667	6	0
2006	7.925	11.638	1	5	1	4	6	159	18.61666667	4	0
2006	7.979	12.05	1	1	5	NA	NA	161	19.23333333	6	0
2006	8.365	17.358	0	1	5	NA	NA	164	17.1	2	0
2006	6.796	10.768	1	1	1	5	3	165	10.91666667	3	0
2006	16.138	12.596	0	4	2	7	9	165	21.86666667	3	1
2006	7.683	9.688	1	5	1	4	6	167	4.2	5	0
2006	7.979	12.05	1	1	5	NA	NA	168	23.31666667	6	0
2006	8.816	11.671	1	1	5	NA	NA	169	9.066666667	7	0
2006	8.506	8.602	1	1	1	NA	NA	171	18.65	2	0
2006	1.145	13.949	0	1	2	7	2	173	14.6	4	0
2006	8.141	11.328	1	1	2	7	9	176	2.766666667	7	1
2006	6.504	9.792	1	1	3	NA	7	176	17.71666667	7	0
2006	8.55	11.37	1	4	1	7	8	176	2.933333333	7	1
2006	7.355	11.431	1	1	1	4	6	177	6.983333333	1	0
2006	7.735	11.364	1	1	5	NA	NA	183	1.183333333	7	1
2006	8.732	12.326	1	1	1	NA	NA	184	16.81666667	1	0
2006	8.142	10.17	1	1	3	7	8	189	2.716666667	6	1
2006	7.98	12.05	1	1	5	NA	NA	189	16.16666667	6	0
2006	5.459	11.933	0	1	3	5	7	189	12.03333333	6	0
2006	7.669	8.493	1	1	3	7	8	190	13.76666667	7	1
2006	7.553	10.063	1	1	1	2	3	193	20.71666667	3	0
2006	7.308	11.698	1	1	1	NA	NA	195	19.2	5	0
2006	9.938	12.396	0	1	1	9	1	195	14.65	5	0
2006	7.286	9.934	1	1	5	NA	NA	197	1.416666667	7	1
2006	9.813	17.398	0	1	1	7	4	200	17.33333333	3	0
2006	9.214	12.495	1	1	1	7	4	201	3.216666667	4	0
2006	5.07	17.999	0	4	2	7	9	205	18.46666667	1	1
2006	7.434	11.611	1	1	1	5	7	212	14.76666667	1	0
2006	6.403	8.661	1	4	2	7	9	215	21.55	4	1
2006	7.666	10.128	1	1	1	5	7	219	20.26666667	1	0
2006	6.967	8.452	1	1	1	NA	NA	220	20.36666667	2	0
2006	14.297	14.408	0	1	5	NA	NA	222	10.65	4	1
2006	7.868	11.06	1	1	5	NA	NA	225	1.816666667	7	1
2006	6.674	10.945	1	1	1	NA	9	226	7.766666667	1	0
2006	7.754	12.58	1	1	2	NA	6	228	7.7	3	0
2006	7.705	10.883	1	1	3	7	7	230	16.65	5	1
2006	7.64	8.803	1	4	6	NA	NA	230	1.583333333	5	0
2006	8.384	11.064	1	1	5	NA	NA	235	19.83333333	3	0
2006	6.323	8.823	0	4	3	7	7	235	22.98333333	3	1
2006	6.149	17.209	0	4	2	7	9	238	22.36666667	6	1
2006	7.805	17.64	0	1	5	NA	NA	239	14.01666667	7	0
2006	6.403	8.661	1	1	6	NA	NA	244	20.65	5	0
2006	7.672	12.53	1	1	5	NA	NA	245	22.56666667	6	0
2006	8.065	12.036	1	1	6	NA	NA	245	20.78333333	6	0
2006	7.116	11.806	1	1	1	NA	NA	250	9.416666667	4	0
2006	16.107	12.653	0	1	6	NA	NA	254	16.45	1	0
2006	12.205	9.57	0	1	1	4	6	255	14.91666667	2	0
2006	7.705	10.883	1	1	6	NA	NA	259	6.833333333	6	1
2006	9.725	16.069	0	1	3	5	7	261	14.3	1	0
2006	4.075	9.748	0	4	3	1	7	265	23.61666667	5	1
2006	5.89	11.447	1	1	1	NA	9	266	17.1	6	0
2006	8.772	11.874	1	1	5	NA	NA	266	23.15	6	1
2006	8.778	11.927	1	1	1	9	7	266	14.5	6	0
2006	8.787	12.165	1	1	6	NA	NA	272	20.5	5	0
2006	8.129	11.718	1	1	5	NA	NA	277	23.38333333	3	1
2006	8.228	12.738	1	1	1	5	5	281	18.85	7	0
2006	7.189	11.721	1	1	5	NA	NA	281	12.31666667	7	0
2006	2.037	7.46	0	1	1	4	3	282	1.433333333	1	0
2006	0.386	11.531	0	1	1	5	7	284	8.533333333	3	0
2006	6.691	12.733	1	4	5	NA	NA	284	2.883333333	3	1
2006	5.836	12.137	1	1	3	7	7	287	13.36666667	6	0
2006	6.005	5.893	0	1	5	NA	NA	287	12.66666667	6	0
2006	8.316	10.971	1	1	3	NA	7	288	16.63333333	7	0
2006	5.955	9.763	1	1	5	NA	NA	289	13.06666667	1	0
2006	8.382	17.481	0	1	3	1	7	290	19.7	2	0
2006	7.846	9.423	1	1	6	NA	NA	291	19.58333333	3	0
2006	14.948	23.84	0	5	3	1	7	291	19.4	3	0
2006	7.278	10.713	1	1	2	5	6	293	13.28333333	5	0
2006	6.897	19.508	0	1	2	NA	9	296	16.6	1	1
2006	6.629	13.123	1	1	1	4	6	297	12.18333333	2	0
2006	7.838	11.563	1	1	5	NA	NA	300	17.6	5	0
2006	7.199	12.391	1	1	3	6	7	300	18.06666667	5	0
2006	10.101	19.545	0	1	6	NA	NA	302	0.05	7	0
2006	6.161	19.254	0	1	2	7	6	302	0.166666667	7	1
2006	6.723	10.731	1	1	1	5	7	302	12.01666667	7	0
2006	7.256	9.302	1	1	4	7	6	303	21.48333333	1	0
2006	7.721	11.802	1	1	5	NA	NA	304	20.43333333	2	0
2006	7.527	9.977	1	1	5	NA	NA	304	20.35	2	0
2006	7.535	11.405	1	1	5	NA	NA	307	18.6	5	0
2006	7.774	17.704	0	1	3	6	7	307	21.43333333	5	0
2006	7.901	12.845	1	1	6	NA	NA	309	14.45	7	0
2006	6.046	11.977	1	1	3	NA	7	314	21.75	5	1
2006	6.917	11.181	1	1	3	NA	7	315	1.65	6	1
2006	7.526	11.653	1	1	3	7	7	315	3.25	6	1
2006	7.329	8.377	0	1	3	6	7	315	22.21666667	6	0
2006	7.866	11.09	1	1	3	7	7	316	2.333333333	7	1
2006	7.77	12.703	1	1	5	NA	NA	319	19.96666667	3	0
2006	6.99	9.318	1	1	3	5	7	320	22.31666667	4	0
2006	7.502	9.311	1	1	2	6	3	322	21.86666667	6	0
2006	8.123	11.703	1	1	3	7	7	324	22.08333333	1	0
2006	7.352	11.711	1	1	2	9	9	326	23.63333333	3	0
2006	7.352	11.711	1	1	4	2	6	326	23.63333333	3	0
2006	7.352	11.711	1	1	1	9	1	326	23.63333333	3	0
2006	8.687	19.677	0	1	5	NA	NA	326	13.95	3	0
2006	7.417	19.626	0	1	2	7	2	328	21.43333333	5	0
2006	7.049	11.955	1	3	3	7	7	328	2.033333333	5	1
2006	7.417	19.626	0	1	3	9	7	328	21.43333333	5	0
2006	8.614	19.75	0	4	3	7	7	329	19.73333333	6	1
2006	5.405	5.198	0	4	3	7	7	330	23.56666667	7	1
2006	6.046	11.977	1	1	5	NA	NA	330	21.48333333	7	1
2006	7.371	10.184	1	1	5	NA	NA	332	11.9	2	0
2006	8.599	11.71	1	1	3	7	7	333	16.73333333	3	0
2006	6.286	11.724	1	1	3	7	7	335	22.71666667	5	1
2006	8.043	11.898	1	1	4	2	6	336	11.05	6	0
2006	9.938	9.974	0	1	3	7	7	337	1.35	7	1
2006	6.183	8.649	0	1	3	NA	NA	341	20.5	4	0
2006	6.666	12.955	1	1	3	5	7	344	15.35	7	0
2006	7.963	11.453	1	1	3	7	7	345	14.98333333	1	1
2006	5.909	8.739	0	1	2	NA	NA	347	21.38333333	3	1
2006	5.909	8.739	0	1	3	9	7	347	21.38333333	3	0
2006	3.721	10.122	0	3	5	NA	NA	350	14.55	6	0
2006	8.114	12.018	1	1	2	7	6	350	21.85	6	1
2006	7.593	11.991	1	1	5	NA	NA	352	20.85	1	1
2006	11.943	19.45	0	4	2	NA	1	358	22.36666667	7	0
2006	8.272	11.216	1	4	3	7	7	359	19.81666667	1	1
2006	8.119	11.499	1	1	3	7	7	359	19.91666667	1	1
2006	4.905	8.59	0	1	6	NA	NA	359	12.76666667	1	1
2006	8.305	11.201	1	1	3	7	7	360	3.316666667	2	1
2006	8.131	11.602	1	1	3	7	7	360	0.433333333	2	1
2006	7.671	11.68	1	1	3	7	7	360	0.45	2	1
2006	7.466	11.61	1	1	3	7	7	360	2.8	2	1
2006	8.156	11.209	1	1	3	7	7	364	23.18333333	6	1
2006	8.793	12.19	1	1	6	NA	NA	365	22.38333333	7	0
2006	8.813	8.861	0	1	3	5	7	365	11.85	7	0
2007	7.687	11.291	1	1	3	7	7	1	4.35	1	1
2007	7.123	11.405	1	1	3	7	7	1	4.25	1	1
2007	6.466	9.498	0	1	6	NA	NA	2	15.9	2	1
2007	5.267	8.86	0	1	2	7	6	3	3.766666667	3	1
2007	8.278	11.822	1	1	3	7	7	3	23.41666667	3	1
2007	8.676	12.034	1	1	3	7	7	3	23.55	3	1
2007	7.732	10.413	1	1	5	NA	NA	3	16.35	3	0
2007	6.266	11.774	1	1	3	7	7	3	23.01666667	3	1
2007	8.502	11.588	1	3	3	7	7	4	22.73333333	4	1
2007	8.315	11.803	1	3	5	NA	NA	4	0.916666667	4	1
2007	7.994	11.778	1	3	3	7	7	4	1.066666667	4	1
2007	8.044	11.57	1	1	3	7	7	4	21.16666667	4	1
2007	8.14	11.783	1	1	3	7	7	4	0.7	4	1
2007	6.95	11.733	1	1	3	7	7	5	3.133333333	5	1
2007	6.902	10.158	1	1	3	7	7	5	13.96666667	5	1
2007	5.967	9.59	1	1	3	NA	8	5	20.61666667	5	0
2007	8.281	12.602	1	1	3	7	7	6	13.81666667	6	1
2007	6.068	8.889	0	1	3	7	8	7	19.33333333	7	0
2007	16.776	3.176	0	1	3	9	9	7	4.083333333	7	0
2007	8.172	10.884	1	1	3	7	7	7	0.816666667	7	0
2007	7.751	10.905	1	1	5	NA	NA	8	13	1	1
2007	8.782	20.553	0	1	1	4	1	11	16.06666667	4	0
2007	10.898	13.41	0	1	3	2	7	18	14.81666667	4	0
2007	6.526	9.925	1	1	3	7	7	22	16.01666667	1	0
2007	7.949	12.792	1	1	5	NA	NA	22	18.3	1	0
2007	12.753	9.309	0	1	2	2	8	23	11.96666667	2	0
2007	8.114	11.497	1	1	5	NA	NA	24	11.23333333	3	0
2007	7.671	11.68	1	4	6	NA	NA	28	18.2	7	0
2007	1.418	13.95	0	1	3	7	7	32	9.983333333	4	0
2007	7.949	12.792	1	1	2	7	3	37	0.916666667	2	0
2007	13.449	10.925	0	1	3	7	7	39	14.06666667	4	0
2007	6.266	11.775	1	1	3	7	7	40	0.05	5	0
2007	7.544	9.533	1	1	3	7	7	42	20.38333333	7	1
2007	11.842	9.491	0	1	6	NA	NA	42	4.166666667	7	0
2007	8.65	19.662	0	4	2	2	9	46	2.9	4	0
2007	13.773	8.224	0	1	3	5	7	50	15.33333333	1	0
2007	14.419	10.69	0	1	3	4	7	52	11.98333333	3	0
2007	9.091	12.091	1	1	6	NA	NA	55	13.71666667	6	0
2007	4.874	18.555	0	1	2	2	6	55	17.91666667	6	0
2007	6.95	12.065	1	1	5	NA	NA	58	21.81666667	2	0
2007	6.475	11.909	1	1	5	NA	NA	59	9.533333333	3	0
2007	6.011	9.385	0	1	5	NA	NA	64	13.2	1	0
2007	7.714	12.999	1	1	3	7	7	64	13.06666667	1	0
2007	9.834	11.915	0	1	3	4	7	65	10.06666667	2	0
2007	6.188	8.656	0	1	3	NA	7	66	23.45	3	0
2007	6.086	10.269	1	1	3	NA	7	68	5.166666667	5	0
2007	6.657	8.533	1	1	1	7	2	69	2.183333333	6	0
2007	7.369	10.241	1	1	6	NA	NA	69	11.6	6	0
2007	6.894	12.98	1	1	1	7	2	69	7.816666667	6	0
2007	8.73	12.782	0	1	3	7	7	71	18.26666667	1	0
2007	11.731	9.425	0	1	3	NA	7	72	7.816666667	2	0
2007	7.816	11.519	1	1	1	5	6	72	16.06666667	2	0
2007	9.98	10.537	0	1	3	NA	7	72	11.08333333	2	0
2007	7.564	12.348	1	1	5	NA	NA	73	14.2	3	0
2007	8.011	9.888	1	1	6	NA	NA	75	20.7	5	0
2007	0.742	11.605	0	1	2	4	9	76	15.88333333	6	0
2007	5.459	8.824	0	1	3	7	7	77	15.65	7	0
2007	1.496	6.99	0	1	3	2	7	77	13.68333333	7	0
2007	7.319	8.525	1	1	3	7	7	77	16.5	7	0
2007	9.717	19.191	0	1	2	NA	NA	79	19.16666667	2	0
2007	14.419	10.69	0	1	3	4	7	79	19.11666667	2	0
2007	6.046	11.977	1	5	1	5	NA	80	14.66666667	3	0
2007	7.776	10.884	1	1	1	7	1	80	23.95	3	1
2007	8.168	10.94	1	1	5	NA	NA	80	23.41666667	3	0
2007	8.044	11.069	1	1	3	7	7	80	23.4	3	0
2007	7.79	11.064	1	1	3	7	7	80	22.73333333	3	0
2007	7.65	11.395	1	4	6	NA	NA	80	23.23333333	3	0
2007	7.829	11.132	1	1	5	NA	NA	80	23.26666667	3	0
2007	7.303	10.503	1	1	1	4	2	83	18.4	6	0
2007	7.91	2.12	0	1	3	NA	7	83	12.96666667	6	0
2007	7.549	9.972	1	1	5	NA	NA	83	17.88333333	6	0
2007	15.668	1.03	0	1	3	5	7	84	12.03333333	7	0
2007	8.755	15.06	0	1	5	NA	NA	84	14.4	7	0
2007	6.872	11.16	1	1	1	7	7	84	13.88333333	7	0
2007	8.602	12.158	1	1	5	NA	NA	85	10.95	1	0
2007	0.647	17.065	0	1	3	NA	7	85	16.53333333	1	0
2007	8.454	10.898	1	1	6	NA	NA	86	21.03333333	2	1
2007	7.426	11.411	1	1	5	NA	NA	87	9.6	3	0
2007	15.557	13.507	0	1	2	NA	9	90	21.55	6	0
2007	1.824	7.722	0	2	5	NA	NA	94	14.66666667	3	0
2007	7.601	12.455	1	1	5	NA	NA	95	21.01666667	4	0
2007	8.054	12.778	1	1	3	9	7	103	11.76666667	5	0
2007	7.592	12.557	1	1	5	NA	NA	104	14.91666667	6	0
2007	6.136	8.406	0	1	3	8	7	107	2.216666667	2	0
2007	6.011	11.625	1	1	5	NA	NA	126	11.13333333	7	0
2007	8.257	11.5	1	1	2	NA	9	126	16.81666667	7	0
2007	8.397	11.311	1	1	5	NA	NA	128	15.18333333	2	0
2007	8.058	10.355	1	1	1	2	1	131	14	5	0
2007	7.643	10.111	1	1	3	7	7	132	19.13333333	6	0
2007	9.143	14.596	0	1	3	1	7	134	20.21666667	1	0
2007	7.491	14.344	0	1	3	1	7	134	18.35	1	0
2007	7.218	9.691	1	1	1	5	7	135	17.56666667	2	0
2007	6.832	12.494	1	1	3	7	7	138	12.5	5	0
2007	8.454	17.386	0	1	3	1	7	140	12.66666667	7	0
2007	7.04	8.589	1	1	1	NA	NA	145	19.7	5	0
2007	11.689	9.885	0	1	5	NA	NA	145	16.55	5	0
2007	7.624	10.49	1	1	3	7	7	147	0.216666667	7	0
2007	6.688	13.055	1	1	6	NA	NA	154	17.93333333	7	0
2007	8.979	11.092	1	1	5	NA	NA	155	18.05	1	0
2007	8.118	11.418	1	5	1	5	4	156	18.63333333	2	0
2007	6.819	11.828	1	1	3	8	7	157	10.73333333	3	0
2007	6.364	10.281	1	1	1	3	8	158	21.51666667	4	0
2007	6.364	10.281	1	1	6	NA	NA	159	16.66666667	5	0
2007	9.871	19.208	0	1	2	NA	9	161	19.38333333	7	0
2007	6.486	11.788	1	1	5	NA	NA	161	16.95	7	0
2007	8.822	12.231	1	1	5	NA	NA	162	20.21666667	1	0
2007	6.995	11.147	1	1	1	4	NA	164	17.6	3	0
2007	5.652	9.767	1	1	5	NA	NA	167	10.1	6	0
2007	13.812	8.296	0	1	3	7	7	169	6.583333333	1	0
2007	5.847	11.937	1	1	5	NA	NA	172	21.3	4	0
2007	7.268	10.226	1	1	1	5	7	173	14.56666667	5	0
2007	4.91	12.783	0	1	2	NA	9	177	11.1	2	0
2007	6.472	9.793	1	1	2	7	9	178	17.7	3	0
2007	8.232	10.868	1	1	1	NA	NA	179	22.05	4	0
2007	8.698	19.947	0	1	2	NA	NA	180	21.3	5	0
2007	7.936	10.109	1	1	1	5	7	190	12.06666667	1	0
2007	6.247	12.925	1	1	6	NA	NA	197	19.48333333	1	0
2007	6.889	8.391	1	1	6	NA	NA	197	0.316666667	1	0
2007	6.059	5.947	0	1	3	5	9	201	7.683333333	5	0
2007	11.95	19.498	0	1	2	NA	2	203	22.05	7	0
2007	6.674	12.618	1	1	3	5	7	205	20.96666667	2	0
2007	12.228	12.894	0	1	3	1	7	207	13.06666667	4	0
2007	6.333	9.507	0	1	5	NA	NA	207	20.05	4	0
2007	8.784	12.578	1	1	6	NA	NA	208	20.56666667	5	0
2007	14.459	6.22	0	1	3	NA	7	208	17.76666667	5	0
2007	9.127	16.408	0	1	3	1	7	209	7.1	6	0
2007	7.623	11.2	1	1	1	8	3	213	15.21666667	3	0
2007	7.623	11.2	1	1	1	5	1	213	19.3	3	0
2007	6.915	11.083	1	1	1	NA	NA	213	17.73333333	3	0
2007	7.623	11.2	1	6	1	5	1	213	22.05	3	0
2007	6.882	12.65	1	1	1	4	6	214	11.26666667	4	0
2007	7.626	10.437	1	1	5	NA	NA	220	22.25	3	0
2007	8.726	11.86	1	1	1	NA	NA	221	18.43333333	4	0
2007	9.313	9.824	0	1	3	NA	7	226	22.3	2	0
2007	12.213	22.015	0	1	3	1	7	227	16.83333333	3	0
2007	7.747	12.68	1	1	1	5	9	228	11.53333333	4	0
2007	7.995	10.105	1	3	3	7	7	230	1.083333333	6	1
2007	7.938	9.648	1	1	5	NA	NA	230	0.75	6	1
2007	7.661	9.735	1	4	5	NA	NA	230	0.766666667	6	1
2007	6.705	10.04	1	1	6	NA	NA	230	20.41666667	6	0
2007	7.972	11.633	1	1	2	4	9	237	13.71666667	6	0
2007	3.687	9.647	0	3	5	NA	NA	242	13.81666667	4	0
2007	6.776	9.625	1	1	5	NA	NA	242	18.63333333	4	0
2007	8.15	8.736	1	1	5	NA	NA	243	9.9	5	0
2007	6.42	13.121	1	4	3	NA	7	244	13.7	6	0
2007	8.443	11.322	1	1	1	NA	1	245	0.933333333	7	1
2007	11.159	11.887	0	1	1	NA	NA	247	18.38333333	2	0
2007	7.661	11.904	1	1	6	NA	NA	251	20.25	6	0
2007	7.978	9.848	1	1	5	NA	NA	251	19.53333333	6	0
2007	2.074	15.772	0	1	1	NA	NA	252	11.78333333	7	0
2007	5.918	12.387	1	1	3	NA	7	252	19.33333333	7	0
2007	7.724	12.733	1	1	5	NA	NA	255	18.8	3	0
2007	8.857	11.555	1	1	1	NA	NA	255	15.23333333	3	0
2007	7.88	9.354	1	1	5	NA	NA	257	22.23333333	5	0
2007	6.815	9.783	1	1	2	NA	9	259	0.683333333	7	1
2007	6.807	9.084	1	5	1	4	9	259	17.85	7	0
2007	7.314	8.642	1	1	5	NA	NA	261	14.5	2	0
2007	12.771	11.121	0	1	2	NA	9	265	4.75	6	0
2007	7.835	11.611	1	1	5	NA	NA	271	1.9	5	1
2007	6.573	12.498	1	1	3	NA	7	272	14.83333333	6	0
2007	8.153	9.384	1	1	3	NA	7	280	5.083333333	7	0
2007	7.9	9.989	1	1	6	NA	NA	282	2.166666667	2	1
2007	6.26	12.055	1	1	2	NA	9	285	21.28333333	5	0
2007	8.613	19.375	0	1	2	NA	9	291	20.8	4	0
2007	5.983	7.366	0	4	3	NA	8	295	10	1	0
2007	5.739	14.087	0	1	2	NA	9	295	23.68333333	1	0
2007	7.203	17.586	0	1	3	5	7	296	11.38333333	2	0
2007	7.865	8.756	1	4	5	NA	NA	297	21.48333333	3	0
2007	7.656	12.41	1	1	1	5	9	297	15.13333333	3	0
2007	7.777	12.089	1	1	2	NA	7	299	7.166666667	5	0
2007	6.227	13.175	0	1	5	NA	NA	300	6.216666667	6	0
2007	6.588	9.885	1	1	3	NA	8	302	18.66666667	1	0
2007	0.347	17.127	0	1	3	1	7	303	16.6	2	0
2007	6.241	8.76	0	1	3	NA	8	303	10.81666667	2	0
2007	8.114	12.018	1	1	3	6	7	306	14.55	5	1
2007	6.199	17.099	0	1	3	5	7	307	12.11666667	6	0
2007	6.46	8.67	1	1	3	NA	8	307	18.38333333	6	0
2007	8.775	12.109	1	1	3	NA	7	307	22.28333333	6	0
2007	6.199	17.099	0	1	3	5	7	307	12.1	6	0
2007	9.991	10.366	0	1	2	NA	9	312	22.48333333	4	1
2007	6.166	4.728	0	1	2	NA	9	313	20.35	5	0
2007	11.586	9.885	0	4	3	7	7	315	15.9	7	0
2007	16.279	0.046	0	1	3	9	7	316	9.533333333	1	0
2007	8.04	10.368	1	1	2	9	9	316	3.466666667	1	0
2007	8.04	10.368	1	1	1	7	2	316	3.466666667	1	0
2007	8.523	11.294	1	1	3	5	7	316	13.86666667	1	0
2007	8.04	10.368	1	1	6	NA	NA	316	3.466666667	1	0
2007	12.586	21.821	0	1	5	NA	NA	317	13.56666667	2	0
2007	8.291	8.5	1	1	3	7	7	322	8.866666667	7	1
2007	6.507	8.671	1	1	6	NA	NA	324	4.183333333	2	0
2007	8.316	10.971	1	1	5	NA	NA	325	8.516666667	3	1
2007	7.199	12.391	1	1	3	NA	7	325	18.11666667	3	1
2007	5.671	12.72	0	1	5	NA	NA	326	11.83333333	4	0
2007	7.632	9.956	1	5	1	5	9	326	21.16666667	4	0
2007	10.22	15.583	0	1	3	NA	7	328	0.2	6	0
2007	5.838	12.1	1	1	1	7	3	331	16.88333333	2	0
2007	6.123	19.363	0	1	3	7	7	331	21	2	1
2007	14.801	22.806	0	1	6	NA	NA	331	15.05	2	0
2007	8.419	17.461	0	1	3	NA	7	333	17.65	4	0
2007	7.199	12.391	1	1	3	NA	7	333	21.13333333	4	0
2007	6.327	9.801	1	1	3	NA	7	333	15.86666667	4	0
2007	7.847	9.125	1	1	6	NA	NA	335	12.86666667	6	0
2007	6.987	11.032	1	1	6	NA	NA	335	23.51666667	6	1
2007	12.677	21.619	0	1	5	NA	NA	337	18.55	1	0
2007	7.199	12.391	1	1	3	NA	7	340	17.83333333	4	0
2007	5.962	9.636	1	1	3	NA	NA	341	12.36666667	5	0
2007	5.973	9.493	0	1	3	NA	8	342	16.81666667	6	0
2007	9.688	19.842	0	1	5	NA	NA	348	14.83333333	5	0
2007	12.202	14.027	0	4	3	NA	7	349	23.43333333	6	1
2007	4.85	16.553	0	1	2	NA	NA	350	22.05	7	0
2007	8.178	12.727	1	1	2	5	3	352	15.38333333	2	0
2007	7.304	8.902	1	1	5	NA	NA	353	17	3	0
2007	9.083	11.479	1	1	1	5	3	353	7.2	3	0
2007	6.756	10.732	1	4	1	7	2	353	23.83333333	3	1
2007	8.723	11.821	1	4	6	NA	NA	355	23.18333333	5	0
2007	7.072	9.579	1	1	1	5	9	356	3.833333333	6	0
2007	6.873	9.792	1	1	1	5	9	361	9.966666667	4	0
2007	7.864	11.424	1	1	5	NA	NA	362	13.4	5	0
2007	6.31	8.663	0	1	3	NA	7	363	19.98333333	6	0
2007	7.502	9.311	1	1	5	NA	NA	364	0.466666667	7	0
